255 255 255 255 255 255 255 255 255 255 255 255 255 255 255 255
255 255 255 255 255 255 255 255 255 255 255 255 255 255 255 255
255 255   0   0 255 255   0   0 255 255   0   0 255 255   0   0
255 255   0   0 255 255   0   0 255 255   0   0 255 255   0   0
255 255 255 255 255 255 255 255 255 255 255 255 255 255 255 255
255 255 255 255 255 255 255 255 255 255 255 255 255 255 255 255
255 255   0   0 255 255   0   0 255 255   0   0 255 255   0   0
255 255   0   0 255 255   0   0 255 255   0   0 255 255   0   0
255 255 255 255 255 255 255 255 255 255 255 255 255 255 255 255
255 255 255 255 255 255 255 255 255 255 255 255 255 255 255 255
255 255   0   0 255 255   0   0 255 255   0   0 255 255   0   0
255 255   0   0 255 255   0   0 255 255   0   0 255 255   0   0
255 255 255 255 255 255 255 255 255 255 255 255 255 255 255 255
255 255 255 255 255 255 255 255 255 255 255 255 255 255 255 255
255 255   0   0 255 255   0   0 255 255   0   0 255 255   0   0
255 255   0   0 255 255   0   0 255 255   0   0 255 255   0   0
255 255 255 255 255 255 255 255 255 255 255 255 255 255 255 255
255 255 255 255 255 255 255 255 255 255 255 255 255 255 255 255
255 255   0   0 255 255   0   0 255 255   0   0 255 255   0   0
255 255   0   0 255 255   0   0 255 255   0   0 255 255   0   0
255 255 255 255 255 255 255 255 255 255 255 255 255 255 255 255
255 255 255 255 255 255 255 255 255 255 255 255 255 255 255 255
255 255   0   0 255 255   0   0 255 255   0   0 255 255   0   0
255 255   0   0 255 255   0   0 255 255   0   0 255 255   0   0
255 255 255 255 255 255 255 255 255 255 255 255 255 255 255 255
255 255 255 255 255 255 255 255 255 255 255 255 255 255 255 255
255 255   0   0 255 255   0   0 255 255   0   0 255 255   0   0
255 255   0   0 255 255   0   0 255 255   0   0 255 255   0   0
255 255 255 255 255 255 255 255 255 255 255 255 255 255 255 255
255 255 255 255 255 255 255 255 255 255 255 255 255 255 255 255
255 255   0   0 255 255   0   0 255 255   0   0 255 255   0   0
255 255   0   0 255 255   0   0 255 255   0   0 255 255   0   0
255 255 255 255 255 255 255 255 255 255 255 255 255 255 255 255
255 255 255 255 255 255 255 255 255 255 255 255 255 255 255 255
255 255   0   0 255 255   0   0 255 255   0   0 255 255   0   0
255 255   0   0 255 255   0   0 255 255   0   0 255 255   0   0
255 255 255 255 255 255 255 255 255 255 255 255 255 255 255 255
255 255 255 255 255 255 255 255 255 255 255 255 255 255 255 255
255 255   0   0 255 255   0   0 255 255   0   0 255 255   0   0
255 255   0   0 255 255   0   0 255 255   0   0 255 255   0   0
255 255 255 255 255 255 255 255 255 255 255 255 255 255 255 255
255 255 255 255 255 255 255 255 255 255 255 255 255 255 255 255
255 255   0   0 255 255   0   0 255 255   0   0 255 255   0   0
255 255   0   0 255 255   0   0 255 255   0   0 255 255   0   0
255 255 255 255 255 255 255 255 255 255 255 255 255 255 255 255
255 255 255 255 255 255 255 255 255 255 255 255 255 255 255 255
255 255   0   0 255 255   0   0 255 255   0   0 255 255   0   0
255 255   0   0 255 255   0   0 255 255   0   0 255 255   0   0

255 255   0   0 255 255   0   0 255 255   0   0 255 255   0   0
255 255   0   0 255 255   0   0 255 255   0   0 255 255   0   0
255 255 255 255 255 255 255 255 255 255 255 255 255 255 255 255
255 255 255 255 255 255 255 255 255 255 255 255 255 255 255 255
255 255   0   0 255 255   0   0 255 255   0   0 255 255   0   0
255 255   0   0 255 255   0   0 255 255   0   0 255 255   0   0
255 255 255 255 255 255 255 255 255 255 255 255 255 255 255 255
255 255 255 255 255 255 255 255 255 255 255 255 255 255 255 255
255 255   0   0 255 255   0   0 255 255   0   0 255 255   0   0
255 255   0   0 255 255   0   0 255 255   0   0 255 255   0   0
255 255 255 255 255 255 255 255 255 255 255 255 255 255 255 255
255 255 255 255 255 255 255 255 255 255 255 255 255 255 255 255
255 255   0   0 255 255   0   0 255 255   0   0 255 255   0   0
255 255   0   0 255 255   0   0 255 255   0   0 255 255   0   0
255 255 255 255 255 255 255 255 255 255 255 255 255 255 255 255
255 255 255 255 255 255 255 255 255 255 255 255 255 255 255 255
255 255   0   0 255 255   0   0 255 255   0   0 255 255   0   0
255 255   0   0 255 255   0   0 255 255   0   0 255 255   0   0
255 255 255 255 255 255 255 255 255 255 255 255 255 255 255 255
255 255 255 255 255 255 255 255 255 255 255 255 255 255 255 255
255 255   0   0 255 255   0   0 255 255   0   0 255 255   0   0
255 255   0   0 255 255   0   0 255 255   0   0 255 255   0   0
255 255 255 255 255 255 255 255 255 255 255 255 255 255 255 255
255 255 255 255 255 255 255 255 255 255 255 255 255 255 255 255
255 255   0   0 255 255   0   0 255 255   0   0 255 255   0   0
255 255   0   0 255 255   0   0 255 255   0   0 255 255   0   0
255 255 255 255 255 255 255 255 255 255 255 255 255 255 255 255
255 255 255 255 255 255 255 255 255 255 255 255 255 255 255 255
255 255   0   0 255 255   0   0 255 255   0   0 255 255   0   0
255 255   0   0 255 255   0   0 255 255   0   0 255 255   0   0
255 255 255 255 255 255 255 255 255 255 255 255 255 255 255 255
255 255 255 255 255 255 255 255 255 255 255 255 255 255 255 255
255 255   0   0 255 255   0   0 255 255   0   0 255 255   0   0
255 255   0   0 255 255   0   0 255 255   0   0 255 255   0   0
255 255 255 255 255 255 255 255 255 255 255 255 255 255 255 255
255 255 255 255 255 255 255 255 255 255 255 255 255 255 255 255
255 255   0   0 255 255   0   0 255 255   0   0 255 255   0   0
255 255   0   0 255 255   0   0 255 255   0   0 255 255   0   0
255 255 255 255 255 255 255 255 255 255 255 255 255 255 255 255
255 255 255 255 255 255 255 255 255 255 255 255 255 255 255 255
255 255   0   0 255 255   0   0 255 255   0   0 255 255   0   0
255 255   0   0 255 255   0   0 255 255   0   0 255 255   0   0
255 255 255 255 255 255 255 255 255 255 255 255 255 255 255 255
255 255 255 255 255 255 255 255 255 255 255 255 255 255 255 255
255 255   0   0 255 255   0   0 255 255   0   0 255 255   0   0
255 255   0   0 255 255   0   0 255 255   0   0 255 255   0   0
255 255 255 255 255 255 255 255 255 255 255 255 255 255 255 255
255 255 255 255 255 255 255 255 255 255 255 255 255 255 255 255

  0  46 233 192  49  36 216 251   4  37 217 205  61  21 208 254
 46  84 237 204  86  75 223 252  48  76 225 214  96  63 216 254
233 237 253 249 237 236 251 255 233 236 251 250 238 234 250 254
192 204 249 239 204 201 245 254 193 202 245 242 207 198 243 254
 49  86 237 204  89  78 224 252  52  79 225 214  99  66 217 254
 36  75 236 201  78  66 222 251  38  68 223 212  88  54 214 254
216 223 251 245 224 222 249 254 217 222 249 247 226 220 247 254
251 252 255 254 252 251 254 255 251 251 254 254 252 251 254 255
  4  49 233 193  52  38 217 251   6  40 218 205  64  24 208 254
 37  76 236 202  79  68 222 251  40  69 223 212  90  55 215 254
217 225 251 245 225 223 249 254 218 223 249 247 226 221 248 254
205 214 250 242 214 212 247 254 205 212 247 245 217 209 245 254
 61  96 238 207  99  88 226 252  64  90 226 217 108  77 219 254
 21  63 234 198  66  54 220 251  24  55 221 209  77  41 212 254
208 216 250 243 217 214 247 254 208 215 248 245 219 212 246 254
254 254 254 254 254 254 254 255 254 254 254 254 254 254 254 255
  0  46 233 192  49  36 216 251   4  37 217 205  61  21 208 254
 46  84 237 204  86  75 223 252  48  76 225 214  96  63 216 254
233 237 253 249 237 236 251 255 233 236 251 250 238 234 250 254
192 204 249 239 204 201 245 254 193 202 245 242 207 198 243 254
 49  86 237 204  89  78 224 252  52  79 225 214  99  66 217 254
 36  75 236 201  78  66 222 251  38  68 223 212  88  54 214 254
216 223 251 245 224 222 249 254 217 222 249 247 226 220 247 254
251 252 255 254 252 251 254 255 251 251 254 254 252 251 254 255
  4  49 233 193  52  38 217 251   6  40 218 205  64  24 208 254
 37  76 236 202  79  68 222 251  40  69 223 212  90  55 215 254
217 225 251 245 225 223 249 254 218 223 249 247 226 221 248 254
205 214 250 242 214 212 247 254 205 212 247 245 217 209 245 254
 61  96 238 207  99  88 226 252  64  90 226 217 108  77 219 254
 21  63 234 198  66  54 220 251  24  55 221 209  77  41 212 254
208 216 250 243 217 214 247 254 208 215 248 245 219 212 246 254
254 254 254 254 254 254 254 255 254 254 254 254 254 254 254 255
  0  46 233 192  49  36 216 251   4  37 217 205  61  21 208 254
 46  84 237 204  86  75 223 252  48  76 225 214  96  63 216 254
233 237 253 249 237 236 251 255 233 236 251 250 238 234 250 254
192 204 249 239 204 201 245 254 193 202 245 242 207 198 243 254
 49  86 237 204  89  78 224 252  52  79 225 214  99  66 217 254
 36  75 236 201  78  66 222 251  38  68 223 212  88  54 214 254
216 223 251 245 224 222 249 254 217 222 249 247 226 220 247 254
251 252 255 254 252 251 254 255 251 251 254 254 252 251 254 255
  4  49 233 193  52  38 217 251   6  40 218 205  64  24 208 254
 37  76 236 202  79  68 222 251  40  69 223 212  90  55 215 254
217 225 251 245 225 223 249 254 218 223 249 247 226 221 248 254
205 214 250 242 214 212 247 254 205 212 247 245 217 209 245 254
 61  96 238 207  99  88 226 252  64  90 226 217 108  77 219 254
 21  63 234 198  66  54 220 251  24  55 221 209  77  41 212 254
208 216 250 243 217 214 247 254 208 215 248 245 219 212 246 254
254 254 254 254 254 254 254 255 254 254 254 254 254 254 254 255

255 255 255 255 255 255 255 255 255 255 255 255 255 255 255 255
208 217 251 244 217 215 248 254 209 215 248 246 219 212 247 255
 22  64 235 198  67  54 220 252  24  56 221 209  78  41 212 255
 62  97 238 208  99  89 226 252  65  90 227 217 108  78 219 255
205 214 251 243 215 212 248 254 206 213 248 245 217 209 246 255
218 225 252 246 225 224 250 254 219 223 250 248 227 221 248 255
 38  77 236 202  80  68 223 252  41  70 223 213  90  56 215 255
  4  49 233 194  52  38 217 251   7  41 219 206  65  24 209 255
251 253 255 254 252 252 254 255 251 252 254 254 252 252 254 255
217 224 252 246 224 222 249 254 217 223 250 248 226 220 248 255
 36  75 236 202  78  66 222 252  38  68 224 212  89  54 215 255
 50  86 237 205  89  78 224 252  52  80 225 215  99  67 217 255
193 204 250 240 205 202 246 254 194 202 246 243 208 198 244 255
233 237 253 250 237 236 252 255 234 236 252 251 238 235 251 255
 46  84 237 204  86  75 224 253  49  77 225 214  97  64 217 255
  1  46 233 193  50  36 217 251   4  38 218 205  62  22 208 255
255 255 255 255 255 255 255 255 255 255 255 255 255 255 255 255
208 217 251 244 217 215 248 254 209 215 248 246 219 212 247 255
 22  64 235 198  67  54 220 252  24  56 221 209  78  41 212 255
 62  97 238 208  99  89 226 252  65  90 227 217 108  78 219 255
205 214 251 243 215 212 248 254 206 213 248 245 217 209 246 255
218 225 252 246 225 224 250 254 219 223 250 248 227 221 248 255
 38  77 236 202  80  68 223 252  41  70 223 213  90  56 215 255
  4  49 233 194  52  38 217 251   7  41 219 206  65  24 209 255
251 253 255 254 252 252 254 255 251 252 254 254 252 252 254 255
217 224 252 246 224 222 249 254 217 223 250 248 226 220 248 255
 36  75 236 202  78  66 222 252  38  68 224 212  89  54 215 255
 50  86 237 205  89  78 224 252  52  80 225 215  99  67 217 255
193 204 250 240 205 202 246 254 194 202 246 243 208 198 244 255
233 237 253 250 237 236 252 255 234 236 252 251 238 235 251 255
 46  84 237 204  86  75 224 253  49  77 225 214  97  64 217 255
  1  46 233 193  50  36 217 251   4  38 218 205  62  22 208 255
255 255 255 255 255 255 255 255 255 255 255 255 255 255 255 255
208 217 251 244 217 215 248 254 209 215 248 246 219 212 247 255
 22  64 235 198  67  54 220 252  24  56 221 209  78  41 212 255
 62  97 238 208  99  89 226 252  65  90 227 217 108  78 219 255
205 214 251 243 215 212 248 254 206 213 248 245 217 209 246 255
218 225 252 246 225 224 250 254 219 223 250 248 227 221 248 255
 38  77 236 202  80  68 223 252  41  70 223 213  90  56 215 255
  4  49 233 194  52  38 217 251   7  41 219 206  65  24 209 255
251 253 255 254 252 252 254 255 251 252 254 254 252 252 254 255
217 224 252 246 224 222 249 254 217 223 250 248 226 220 248 255
 36  75 236 202  78  66 222 252  38  68 224 212  89  54 215 255
 50  86 237 205  89  78 224 252  52  80 225 215  99  67 217 255
193 204 250 240 205 202 246 254 194 202 246 243 208 198 244 255
233 237 253 250 237 236 252 255 234 236 252 251 238 235 251 255
 46  84 237 204  86  75 224 253  49  77 225 214  97  64 217 255
  1  46 233 193  50  36 217 251   4  38 218 205  62  22 208 255
